{
    "camera_angle_x": 0.8726646259971648,
    "frames": [
        {
            "file_path": "./000.png",
            "transform_matrix": [
                [
                    0.0,
                    -0.06651902198791504,
                    0.9977850914001465,
                    7.5
                ],
                [
                    1.0,
                    0.0,
                    0.0,
                    0.0
                ],
                [
                    0.0,
                    0.997785210609436,
                    0.06651900708675385,
                    0.5
                ],
                [
                    0.0,
                    0.0,
                    0.0,
                    1.0
                ]
            ],
            "fl_x": 548.993771650447,
            "fl_y": 548.993771650447,
            "cx": 256.0,
            "cy": 256.0,
            "w": 512,
            "h": 512
        },
        {
            "file_path": "./001.png",
            "transform_matrix": [
                [
                    -0.025130094960331917,
                    -0.06649800390005112,
                    0.9974700212478638,
                    7.497631549835205
                ],
                [
                    0.99968421459198,
                    -0.0016716292593628168,
                    0.025074435397982597,
                    0.18847571313381195
                ],
                [
                    2.3283064365386963e-10,
                    0.997785210609436,
                    0.06651900708675385,
                    0.5
                ],
                [
                    0.0,
                    0.0,
                    0.0,
                    1.0
                ]
            ],
            "fl_x": 548.993771650447,
            "fl_y": 548.993771650447,
            "cx": 256.0,
            "cy": 256.0,
            "w": 512,
            "h": 512
        },
        {
            "file_path": "./002.png",
            "transform_matrix": [
                [
                    -0.050244323909282684,
                    -0.06643500179052353,
                    0.9965248703956604,
                    7.490527153015137
                ],
                [
                    0.9987369775772095,
                    -0.0033422026317566633,
                    0.05013303458690643,
                    0.37683239579200745
                ],
                [
                    -2.3283064365386963e-10,
                    0.997785210609436,
                    0.06651900708675385,
                    0.5
                ],
                [
                    0.0,
                    0.0,
                    0.0,
                    1.0
                ]
            ],
            "fl_x": 548.993771650447,
            "fl_y": 548.993771650447,
            "cx": 256.0,
            "cy": 256.0,
            "w": 512,
            "h": 512
        },
        {
            "file_path": "./003.png",
            "transform_matrix": [
                [
                    -0.07532680034637451,
                    -0.06633002310991287,
                    0.9949503540992737,
                    7.478691577911377
                ],
                [
                    0.9971588850021362,
                    -0.0050106649287045,
                    0.0751599669456482,
                    0.5649510622024536
                ],
                [
                    4.656612040410124e-10,
                    0.997785210609436,
                    0.06651900708675385,
                    0.5
                ],
                [
                    0.0,
                    0.0,
                    0.0,
                    1.0
                ]
            ],
            "fl_x": 548.993771650447,
            "fl_y": 548.993771650447,
            "cx": 256.0,
            "cy": 256.0,
            "w": 512,
            "h": 512
        },
        {
            "file_path": "./004.png",
            "transform_matrix": [
                [
                    -0.10036171227693558,
                    -0.0661831647157669,
                    0.9927473068237305,
                    7.462132453918457
                ],
                [
                    0.9949510097503662,
                    -0.00667596235871315,
                    0.10013942420482635,
                    0.7527128458023071
                ],
                [
                    0.0,
                    0.997785210609436,
                    0.06651900708675385,
                    0.5
                ],
                [
                    0.0,
                    0.0,
                    0.0,
                    1.0
                ]
            ],
            "fl_x": 548.993771650447,
            "fl_y": 548.993771650447,
            "cx": 256.0,
            "cy": 256.0,
            "w": 512,
            "h": 512
        },
        {
            "file_path": "./005.png",
            "transform_matrix": [
                [
                    -0.12533321976661682,
                    -0.065994493663311,
                    0.9899172782897949,
                    7.440860271453857
                ],
                [
                    0.9921147227287292,
                    -0.008337042294442654,
                    0.12505562603473663,
                    0.9399992227554321
                ],
                [
                    -9.313225746154785e-10,
                    0.997785210609436,
                    0.06651900708675385,
                    0.5
                ],
                [
                    0.0,
                    0.0,
                    0.0,
                    1.0
                ]
            ],
            "fl_x": 548.993771650447,
            "fl_y": 548.993771650447,
            "cx": 256.0,
            "cy": 256.0,
            "w": 512,
            "h": 512
        },
        {
            "file_path": "./006.png",
            "transform_matrix": [
                [
                    -0.15022559463977814,
                    -0.06576414406299591,
                    0.9864619374275208,
                    7.41488790512085
                ],
                [
                    0.9886518120765686,
                    -0.00999285839498043,
                    0.14989285171031952,
                    1.1266919374465942
                ],
                [
                    -9.31322685637781e-10,
                    0.997785210609436,
                    0.06651900708675385,
                    0.5
                ],
                [
                    0.0,
                    0.0,
                    0.0,
                    1.0
                ]
            ],
            "fl_x": 548.993771650447,
            "fl_y": 548.993771650447,
            "cx": 256.0,
            "cy": 256.0,
            "w": 512,
            "h": 512
        },
        {
            "file_path": "./007.png",
            "transform_matrix": [
                [
                    -0.17502307891845703,
                    -0.06549224257469177,
                    0.9823836088180542,
                    7.384232521057129
                ],
                [
                    0.9845643639564514,
                    -0.011642361991107464,
                    0.1746354103088379,
                    1.3126729726791382
                ],
                [
                    9.313225746154785e-10,
                    0.997785210609436,
                    0.06651900708675385,
                    0.5
                ],
                [
                    0.0,
                    0.0,
                    0.0,
                    1.0
                ]
            ],
            "fl_x": 548.993771650447,
            "fl_y": 548.993771650447,
            "cx": 256.0,
            "cy": 256.0,
            "w": 512,
            "h": 512
        },
        {
            "file_path": "./008.png",
            "transform_matrix": [
                [
                    -0.19971001148223877,
                    -0.0651789978146553,
                    0.977684736251831,
                    7.348912715911865
                ],
                [
                    0.9798551201820374,
                    -0.013284512795507908,
                    0.1992676556110382,
                    1.4978249073028564
                ],
                [
                    -9.31322685637781e-10,
                    0.997785210609436,
                    0.06651900708675385,
                    0.5
                ],
                [
                    0.0,
                    0.0,
                    0.0,
                    1.0
                ]
            ],
            "fl_x": 548.993771650447,
            "fl_y": 548.993771650447,
            "cx": 256.0,
            "cy": 256.0,
            "w": 512,
            "h": 512
        },
        {
            "file_path": "./009.png",
            "transform_matrix": [
                [
                    -0.2242707759141922,
                    -0.06482457369565964,
                    0.9723684787750244,
                    7.308951377868652
                ],
                [
                    0.9745269417762756,
                    -0.014918271452188492,
                    0.2237740457057953,
                    1.6820306777954102
                ],
                [
                    0.0,
                    0.997785210609436,
                    0.06651901453733444,
                    0.5
                ],
                [
                    0.0,
                    0.0,
                    0.0,
                    1.0
                ]
            ],
            "fl_x": 548.993771650447,
            "fl_y": 548.993771650447,
            "cx": 256.0,
            "cy": 256.0,
            "w": 512,
            "h": 512
        },
        {
            "file_path": "./010.png",
            "transform_matrix": [
                [
                    -0.24868988990783691,
                    -0.06442919373512268,
                    0.9664378762245178,
                    7.264373779296875
                ],
                [
                    0.9685831665992737,
                    -0.016542606055736542,
                    0.24813906848430634,
                    1.8651741743087769
                ],
                [
                    1.862645149230957e-09,
                    0.997785210609436,
                    0.06651900708675385,
                    0.5
                ],
                [
                    0.0,
                    0.0,
                    0.0,
                    1.0
                ]
            ],
            "fl_x": 548.993771650447,
            "fl_y": 548.993771650447,
            "cx": 256.0,
            "cy": 256.0,
            "w": 512,
            "h": 512
        },
        {
            "file_path": "./011.png",
            "transform_matrix": [
                [
                    -0.2729519009590149,
                    -0.06399314105510712,
                    0.9598968625068665,
                    7.215207576751709
                ],
                [
                    0.9620276689529419,
                    -0.018156494945287704,
                    0.2723473608493805,
                    2.0471394062042236
                ],
                [
                    0.0,
                    0.997785210609436,
                    0.06651900708675385,
                    0.5
                ],
                [
                    0.0,
                    0.0,
                    0.0,
                    1.0
                ]
            ],
            "fl_x": 548.993771650447,
            "fl_y": 548.993771650447,
            "cx": 256.0,
            "cy": 256.0,
            "w": 512,
            "h": 512
        },
        {
            "file_path": "./012.png",
            "transform_matrix": [
                [
                    -0.29704156517982483,
                    -0.06351665407419205,
                    0.9527496695518494,
                    7.161484241485596
                ],
                [
                    0.9548646211624146,
                    -0.019758911803364754,
                    0.29638364911079407,
                    2.227811813354492
                ],
                [
                    -1.862645149230957e-09,
                    0.997785210609436,
                    0.06651900708675385,
                    0.5
                ],
                [
                    0.0,
                    0.0,
                    0.0,
                    1.0
                ]
            ],
            "fl_x": 548.993771650447,
            "fl_y": 548.993771650447,
            "cx": 256.0,
            "cy": 256.0,
            "w": 512,
            "h": 512
        },
        {
            "file_path": "./013.png",
            "transform_matrix": [
                [
                    -0.3209436237812042,
                    -0.06300004571676254,
                    0.9450005888938904,
                    7.103237152099609
                ],
                [
                    0.9470983147621155,
                    -0.021348852664232254,
                    0.3202327489852905,
                    2.4070770740509033
                ],
                [
                    0.0,
                    0.997785210609436,
                    0.06651900708675385,
                    0.5
                ],
                [
                    0.0,
                    0.0,
                    0.0,
                    1.0
                ]
            ],
            "fl_x": 548.993771650447,
            "fl_y": 548.993771650447,
            "cx": 256.0,
            "cy": 256.0,
            "w": 512,
            "h": 512
        },
        {
            "file_path": "./014.png",
            "transform_matrix": [
                [
                    -0.34464290738105774,
                    -0.062443651258945465,
                    0.9366546869277954,
                    7.040503978729248
                ],
                [
                    0.9387338757514954,
                    -0.022925307974219322,
                    0.3438795804977417,
                    2.584821939468384
                ],
                [
                    0.0,
                    0.997785210609436,
                    0.06651900708675385,
                    0.5
                ],
                [
                    0.0,
                    0.0,
                    0.0,
                    1.0
                ]
            ],
            "fl_x": 548.993771650447,
            "fl_y": 548.993771650447,
            "cx": 256.0,
            "cy": 256.0,
            "w": 512,
            "h": 512
        },
        {
            "file_path": "./015.png",
            "transform_matrix": [
                [
                    -0.3681245446205139,
                    -0.06184781715273857,
                    0.9277171492576599,
                    6.973323822021484
                ],
                [
                    0.9297764897346497,
                    -0.02448728121817112,
                    0.36730918288230896,
                    2.7609341144561768
                ],
                [
                    0.0,
                    0.997785210609436,
                    0.06651900708675385,
                    0.5
                ],
                [
                    0.0,
                    0.0,
                    0.0,
                    1.0
                ]
            ],
            "fl_x": 548.993771650447,
            "fl_y": 548.993771650447,
            "cx": 256.0,
            "cy": 256.0,
            "w": 512,
            "h": 512
        },
        {
            "file_path": "./016.png",
            "transform_matrix": [
                [
                    -0.3913736343383789,
                    -0.06121291220188141,
                    0.9181936383247375,
                    6.90173864364624
                ],
                [
                    0.9202317595481873,
                    -0.026033790782094002,
                    0.3905068337917328,
                    2.935302495956421
                ],
                [
                    0.0,
                    0.997785210609436,
                    0.06651900708675385,
                    0.5
                ],
                [
                    0.0,
                    0.0,
                    0.0,
                    1.0
                ]
            ],
            "fl_x": 548.993771650447,
            "fl_y": 548.993771650447,
            "cx": 256.0,
            "cy": 256.0,
            "w": 512,
            "h": 512
        },
        {
            "file_path": "./017.png",
            "transform_matrix": [
                [
                    -0.4143756330013275,
                    -0.060539357364177704,
                    0.9080901741981506,
                    6.825794696807861
                ],
                [
                    0.9101060628890991,
                    -0.027563856914639473,
                    0.4134577810764313,
                    3.1078169345855713
                ],
                [
                    0.0,
                    0.997785210609436,
                    0.06651900708675385,
                    0.5
                ],
                [
                    0.0,
                    0.0,
                    0.0,
                    1.0
                ]
            ],
            "fl_x": 548.993771650447,
            "fl_y": 548.993771650447,
            "cx": 256.0,
            "cy": 256.0,
            "w": 512,
            "h": 512
        },
        {
            "file_path": "./018.png",
            "transform_matrix": [
                [
                    -0.43711575865745544,
                    -0.05982755497097969,
                    0.8974131345748901,
                    6.74553918838501
                ],
                [
                    0.8994052410125732,
                    -0.029076512902975082,
                    0.4361476004123688,
                    3.2783682346343994
                ],
                [
                    0.0,
                    0.997785210609436,
                    0.06651900708675385,
                    0.5
                ],
                [
                    0.0,
                    0.0,
                    0.0,
                    1.0
                ]
            ],
            "fl_x": 548.993771650447,
            "fl_y": 548.993771650447,
            "cx": 256.0,
            "cy": 256.0,
            "w": 512,
            "h": 512
        },
        {
            "file_path": "./019.png",
            "transform_matrix": [
                [
                    -0.4595799148082733,
                    -0.05907796323299408,
                    0.8861693739891052,
                    6.661023139953613
                ],
                [
                    0.8881365060806274,
                    -0.030570803210139275,
                    0.4585619866847992,
                    3.4468488693237305
                ],
                [
                    0.0,
                    0.997785210609436,
                    0.06651901453733444,
                    0.5
                ],
                [
                    0.0,
                    0.0,
                    0.0,
                    1.0
                ]
            ],
            "fl_x": 548.993771650447,
            "fl_y": 548.993771650447,
            "cx": 256.0,
            "cy": 256.0,
            "w": 512,
            "h": 512
        },
        {
            "file_path": "./020.png",
            "transform_matrix": [
                [
                    -0.48175370693206787,
                    -0.05829105153679848,
                    0.8743658065795898,
                    6.572299957275391
                ],
                [
                    0.8763067126274109,
                    -0.03204577788710594,
                    0.4806866943836212,
                    3.613152503967285
                ],
                [
                    -1.862645149230957e-09,
                    0.997785210609436,
                    0.06651901453733444,
                    0.5
                ],
                [
                    0.0,
                    0.0,
                    0.0,
                    1.0
                ]
            ],
            "fl_x": 548.993771650447,
            "fl_y": 548.993771650447,
            "cx": 256.0,
            "cy": 256.0,
            "w": 512,
            "h": 512
        },
        {
            "file_path": "./021.png",
            "transform_matrix": [
                [
                    -0.5036232471466064,
                    -0.05746733024716377,
                    0.8620100021362305,
                    6.479425430297852
                ],
                [
                    0.8639233708381653,
                    -0.03350052237510681,
                    0.5025078058242798,
                    3.7771739959716797
                ],
                [
                    3.7252898543727042e-09,
                    0.997785210609436,
                    0.06651901453733444,
                    0.5
                ],
                [
                    0.0,
                    0.0,
                    0.0,
                    1.0
                ]
            ],
            "fl_x": 548.993771650447,
            "fl_y": 548.993771650447,
            "cx": 256.0,
            "cy": 256.0,
            "w": 512,
            "h": 512
        },
        {
            "file_path": "./022.png",
            "transform_matrix": [
                [
                    -0.5251746773719788,
                    -0.05660731717944145,
                    0.8491096496582031,
                    6.382458686828613
                ],
                [
                    0.8509945273399353,
                    -0.03493409976363182,
                    0.5240114331245422,
                    3.938809633255005
                ],
                [
                    0.0,
                    0.997785210609436,
                    0.06651900708675385,
                    0.5
                ],
                [
                    0.0,
                    0.0,
                    0.0,
                    1.0
                ]
            ],
            "fl_x": 548.993771650447,
            "fl_y": 548.993771650447,
            "cx": 256.0,
            "cy": 256.0,
            "w": 512,
            "h": 512
        },
        {
            "file_path": "./023.png",
            "transform_matrix": [
                [
                    -0.546394407749176,
                    -0.0557115413248539,
                    0.8356729745864868,
                    6.281460285186768
                ],
                [
                    0.8375281095504761,
                    -0.03634561598300934,
                    0.5451841354370117,
                    4.097957611083984
                ],
                [
                    1.862645371275562e-09,
                    0.997785210609436,
                    0.06651900708675385,
                    0.5
                ],
                [
                    0.0,
                    0.0,
                    0.0,
                    1.0
                ]
            ],
            "fl_x": 548.993771650447,
            "fl_y": 548.993771650447,
            "cx": 256.0,
            "cy": 256.0,
            "w": 512,
            "h": 512
        },
        {
            "file_path": "./024.png",
            "transform_matrix": [
                [
                    -0.5672689080238342,
                    -0.05478058382868767,
                    0.8217085003852844,
                    6.176494598388672
                ],
                [
                    0.8235326409339905,
                    -0.037734173238277435,
                    0.566012442111969,
                    4.254517078399658
                ],
                [
                    -1.862645149230957e-09,
                    0.997785210609436,
                    0.06651899963617325,
                    0.5
                ],
                [
                    0.0,
                    0.0,
                    0.0,
                    1.0
                ]
            ],
            "fl_x": 548.993771650447,
            "fl_y": 548.993771650447,
            "cx": 256.0,
            "cy": 256.0,
            "w": 512,
            "h": 512
        },
        {
            "file_path": "./025.png",
            "transform_matrix": [
                [
                    -0.5877853035926819,
                    -0.05381501466035843,
                    0.8072251081466675,
                    6.067627429962158
                ],
                [
                    0.80901700258255,
                    -0.03909889608621597,
                    0.5864834189414978,
                    4.408389568328857
                ],
                [
                    -3.725290298461914e-09,
                    0.997785210609436,
                    0.06651900708675385,
                    0.5
                ],
                [
                    0.0,
                    0.0,
                    0.0,
                    1.0
                ]
            ],
            "fl_x": 548.993771650447,
            "fl_y": 548.993771650447,
            "cx": 256.0,
            "cy": 256.0,
            "w": 512,
            "h": 512
        },
        {
            "file_path": "./026.png",
            "transform_matrix": [
                [
                    -0.6079303622245789,
                    -0.05281545966863632,
                    0.7922317981719971,
                    5.954927921295166
                ],
                [
                    0.7939903736114502,
                    -0.040438927710056305,
                    0.606583833694458,
                    4.55947732925415
                ],
                [
                    0.0,
                    0.997785210609436,
                    0.06651900708675385,
                    0.5
                ],
                [
                    0.0,
                    0.0,
                    0.0,
                    1.0
                ]
            ],
            "fl_x": 548.993771650447,
            "fl_y": 548.993771650447,
            "cx": 256.0,
            "cy": 256.0,
            "w": 512,
            "h": 512
        },
        {
            "file_path": "./027.png",
            "transform_matrix": [
                [
                    -0.627691388130188,
                    -0.051782552152872086,
                    0.7767380475997925,
                    5.838467121124268
                ],
                [
                    0.7784624099731445,
                    -0.04175341874361038,
                    0.6263010501861572,
                    4.7076849937438965
                ],
                [
                    0.0,
                    0.997785210609436,
                    0.06651900708675385,
                    0.5
                ],
                [
                    0.0,
                    0.0,
                    0.0,
                    1.0
                ]
            ],
            "fl_x": 548.993771650447,
            "fl_y": 548.993771650447,
            "cx": 256.0,
            "cy": 256.0,
            "w": 512,
            "h": 512
        },
        {
            "file_path": "./028.png",
            "transform_matrix": [
                [
                    -0.647055983543396,
                    -0.05071692541241646,
                    0.7607538104057312,
                    5.718318939208984
                ],
                [
                    0.7624425292015076,
                    -0.043041523545980453,
                    0.6456227898597717,
                    4.852919578552246
                ],
                [
                    0.0,
                    0.997785210609436,
                    0.06651900708675385,
                    0.5
                ],
                [
                    0.0,
                    0.0,
                    0.0,
                    1.0
                ]
            ],
            "fl_x": 548.993771650447,
            "fl_y": 548.993771650447,
            "cx": 256.0,
            "cy": 256.0,
            "w": 512,
            "h": 512
        },
        {
            "file_path": "./029.png",
            "transform_matrix": [
                [
                    -0.6660118699073792,
                    -0.049619268625974655,
                    0.744288980960846,
                    5.5945587158203125
                ],
                [
                    0.745941162109375,
                    -0.044302452355623245,
                    0.664536714553833,
                    4.995089054107666
                ],
                [
                    0.0,
                    0.997785210609436,
                    0.06651900708675385,
                    0.5
                ],
                [
                    0.0,
                    0.0,
                    0.0,
                    1.0
                ]
            ],
            "fl_x": 548.993771650447,
            "fl_y": 548.993771650447,
            "cx": 256.0,
            "cy": 256.0,
            "w": 512,
            "h": 512
        },
        {
            "file_path": "./030.png",
            "transform_matrix": [
                [
                    -0.6845471262931824,
                    -0.04849027469754219,
                    0.7273540496826172,
                    5.467264652252197
                ],
                [
                    0.728968620300293,
                    -0.04553539678454399,
                    0.683030903339386,
                    5.134103298187256
                ],
                [
                    0.0,
                    0.997785210609436,
                    0.06651900708675385,
                    0.5
                ],
                [
                    0.0,
                    0.0,
                    0.0,
                    1.0
                ]
            ],
            "fl_x": 548.993771650447,
            "fl_y": 548.993771650447,
            "cx": 256.0,
            "cy": 256.0,
            "w": 512,
            "h": 512
        },
        {
            "file_path": "./031.png",
            "transform_matrix": [
                [
                    -0.7026500105857849,
                    -0.04733065515756607,
                    0.7099597454071045,
                    5.336517810821533
                ],
                [
                    0.7115356922149658,
                    -0.04673958197236061,
                    0.7010936737060547,
                    5.269874572753906
                ],
                [
                    -3.725290298461914e-09,
                    0.997785210609436,
                    0.06651900708675385,
                    0.5
                ],
                [
                    0.0,
                    0.0,
                    0.0,
                    1.0
                ]
            ],
            "fl_x": 548.993771650447,
            "fl_y": 548.993771650447,
            "cx": 256.0,
            "cy": 256.0,
            "w": 512,
            "h": 512
        },
        {
            "file_path": "./032.png",
            "transform_matrix": [
                [
                    -0.7203090190887451,
                    -0.0461411289870739,
                    0.6921170353889465,
                    5.202399730682373
                ],
                [
                    0.6936533451080322,
                    -0.04791424423456192,
                    0.7187137007713318,
                    5.402317523956299
                ],
                [
                    3.7252898543727042e-09,
                    0.997785210609436,
                    0.06651901453733444,
                    0.5
                ],
                [
                    0.0,
                    0.0,
                    0.0,
                    1.0
                ]
            ],
            "fl_x": 548.993771650447,
            "fl_y": 548.993771650447,
            "cx": 256.0,
            "cy": 256.0,
            "w": 512,
            "h": 512
        },
        {
            "file_path": "./033.png",
            "transform_matrix": [
                [
                    -0.7375130653381348,
                    -0.04492247477173805,
                    0.6738370060920715,
                    5.064996242523193
                ],
                [
                    0.6753328442573547,
                    -0.04905864596366882,
                    0.7358795404434204,
                    5.53134822845459
                ],
                [
                    0.0,
                    0.997785210609436,
                    0.06651899963617325,
                    0.5
                ],
                [
                    0.0,
                    0.0,
                    0.0,
                    1.0
                ]
            ],
            "fl_x": 548.993771650447,
            "fl_y": 548.993771650447,
            "cx": 256.0,
            "cy": 256.0,
            "w": 512,
            "h": 512
        },
        {
            "file_path": "./034.png",
            "transform_matrix": [
                [
                    -0.7542513608932495,
                    -0.043675437569618225,
                    0.6551315188407898,
                    4.924393177032471
                ],
                [
                    0.6565858125686646,
                    -0.05017205700278282,
                    0.7525807619094849,
                    5.656885147094727
                ],
                [
                    0.0,
                    0.997785210609436,
                    0.06651900708675385,
                    0.5
                ],
                [
                    0.0,
                    0.0,
                    0.0,
                    1.0
                ]
            ],
            "fl_x": 548.993771650447,
            "fl_y": 548.993771650447,
            "cx": 256.0,
            "cy": 256.0,
            "w": 512,
            "h": 512
        },
        {
            "file_path": "./035.png",
            "transform_matrix": [
                [
                    -0.7705132961273193,
                    -0.04240081459283829,
                    0.6360121965408325,
                    4.780679702758789
                ],
                [
                    0.6374239921569824,
                    -0.0512537844479084,
                    0.7688066959381104,
                    5.778849124908447
                ],
                [
                    3.725290298461914e-09,
                    0.997785210609436,
                    0.06651901453733444,
                    0.5
                ],
                [
                    0.0,
                    0.0,
                    0.0,
                    1.0
                ]
            ],
            "fl_x": 548.993771650447,
            "fl_y": 548.993771650447,
            "cx": 256.0,
            "cy": 256.0,
            "w": 512,
            "h": 512
        },
        {
            "file_path": "./036.png",
            "transform_matrix": [
                [
                    -0.7862884998321533,
                    -0.041099414229393005,
                    0.6164910793304443,
                    4.633946895599365
                ],
                [
                    0.6178595423698425,
                    -0.05230313912034035,
                    0.7845469117164612,
                    5.897163391113281
                ],
                [
                    0.0,
                    0.997785210609436,
                    0.06651900708675385,
                    0.5
                ],
                [
                    0.0,
                    0.0,
                    0.0,
                    1.0
                ]
            ],
            "fl_x": 548.993771650447,
            "fl_y": 548.993771650447,
            "cx": 256.0,
            "cy": 256.0,
            "w": 512,
            "h": 512
        },
        {
            "file_path": "./037.png",
            "transform_matrix": [
                [
                    -0.801567018032074,
                    -0.03977205231785774,
                    0.5965806841850281,
                    4.484287261962891
                ],
                [
                    0.5979049801826477,
                    -0.05331944674253464,
                    0.7997916340827942,
                    6.011752605438232
                ],
                [
                    -3.725290298461914e-09,
                    0.997785210609436,
                    0.06651900708675385,
                    0.5
                ],
                [
                    0.0,
                    0.0,
                    0.0,
                    1.0
                ]
            ],
            "fl_x": 548.993771650447,
            "fl_y": 548.993771650447,
            "cx": 256.0,
            "cy": 256.0,
            "w": 512,
            "h": 512
        },
        {
            "file_path": "./038.png",
            "transform_matrix": [
                [
                    -0.816339373588562,
                    -0.03841956704854965,
                    0.576293408870697,
                    4.3317952156066895
                ],
                [
                    0.5775727033615112,
                    -0.05430208519101143,
                    0.814531147480011,
                    6.122544288635254
                ],
                [
                    0.0,
                    0.997785210609436,
                    0.06651900708675385,
                    0.5
                ],
                [
                    0.0,
                    0.0,
                    0.0,
                    1.0
                ]
            ],
            "fl_x": 548.993771650447,
            "fl_y": 548.993771650447,
            "cx": 256.0,
            "cy": 256.0,
            "w": 512,
            "h": 512
        },
        {
            "file_path": "./039.png",
            "transform_matrix": [
                [
                    -0.8305959105491638,
                    -0.03704281896352768,
                    0.5556421875953674,
                    4.176567077636719
                ],
                [
                    0.5568755865097046,
                    -0.05525042489171028,
                    0.8287562131881714,
                    6.229469299316406
                ],
                [
                    0.0,
                    0.997785210609436,
                    0.06651900708675385,
                    0.5
                ],
                [
                    0.0,
                    0.0,
                    0.0,
                    1.0
                ]
            ],
            "fl_x": 548.993771650447,
            "fl_y": 548.993771650447,
            "cx": 256.0,
            "cy": 256.0,
            "w": 512,
            "h": 512
        },
        {
            "file_path": "./040.png",
            "transform_matrix": [
                [
                    -0.8443279266357422,
                    -0.03564266860485077,
                    0.5346400141716003,
                    4.018701076507568
                ],
                [
                    0.5358268022537231,
                    -0.056163858622312546,
                    0.8424578309059143,
                    6.332459449768066
                ],
                [
                    0.0,
                    0.997785210609436,
                    0.06651900708675385,
                    0.5
                ],
                [
                    0.0,
                    0.0,
