{
    "camera_angle_x": 0.8726646259971648,
    "frames": [
        {
            "file_path": "./000.png",
            "transform_matrix": [
                [
                    0.0,
                    -0.3162277936935425,
                    0.9486832618713379,
                    1.5
                ],
                [
                    1.0,
                    0.0,
                    0.0,
                    0.0
                ],
                [
                    0.0,
                    0.9486833810806274,
                    0.3162277638912201,
                    0.5
                ],
                [
                    0.0,
                    0.0,
                    0.0,
                    1.0
                ]
            ],
            "fl_x": 548.993771650447,
            "fl_y": 548.993771650447,
            "cx": 256.0,
            "cy": 256.0,
            "w": 512,
            "h": 512
        },
        {
            "file_path": "./001.png",
            "transform_matrix": [
                [
                    -0.025130094960331917,
                    -0.3161278963088989,
                    0.9483836889266968,
                    1.4995262622833252
                ],
                [
                    0.9996841549873352,
                    -0.007946834899485111,
                    0.02384050190448761,
                    0.03769514337182045
                ],
                [
                    9.313224635931761e-10,
                    0.9486833810806274,
                    0.3162277638912201,
                    0.5
                ],
                [
                    0.0,
                    0.0,
                    0.0,
                    1.0
                ]
            ],
            "fl_x": 548.993771650447,
            "fl_y": 548.993771650447,
            "cx": 256.0,
            "cy": 256.0,
            "w": 512,
            "h": 512
        },
        {
            "file_path": "./002.png",
            "transform_matrix": [
                [
                    -0.050244320183992386,
                    -0.3158283829689026,
                    0.9474850296974182,
                    1.4981054067611694
                ],
                [
                    0.9987370371818542,
                    -0.015888649970293045,
                    0.04766594246029854,
                    0.07536647468805313
                ],
                [
                    0.0,
                    0.9486833810806274,
                    0.3162277638912201,
                    0.5
                ],
                [
                    0.0,
                    0.0,
                    0.0,
                    1.0
                ]
            ],
            "fl_x": 548.993771650447,
            "fl_y": 548.993771650447,
            "cx": 256.0,
            "cy": 256.0,
            "w": 512,
            "h": 512
        },
        {
            "file_path": "./003.png",
            "transform_matrix": [
                [
                    -0.07532679289579391,
                    -0.31532934308052063,
                    0.9459879398345947,
                    1.4957383871078491
                ],
                [
                    0.9971588253974915,
                    -0.023820428177714348,
                    0.0714612752199173,
                    0.11299020797014236
                ],
                [
                    0.0,
                    0.9486833810806274,
                    0.3162277340888977,
                    0.5
                ],
                [
                    0.0,
                    0.0,
                    0.0,
                    1.0
                ]
            ],
            "fl_x": 548.993771650447,
            "fl_y": 548.993771650447,
            "cx": 256.0,
            "cy": 256.0,
            "w": 512,
            "h": 512
        },
        {
            "file_path": "./004.png",
            "transform_matrix": [
                [
                    -0.10036171972751617,
                    -0.3146311640739441,
                    0.9438933730125427,
                    1.4924265146255493
                ],
                [
                    0.994951069355011,
                    -0.03173716738820076,
                    0.09521148353815079,
                    0.15054257214069366
                ],
                [
                    3.725290298461914e-09,
                    0.9486833810806274,
                    0.3162277638912201,
                    0.5
                ],
                [
                    0.0,
                    0.0,
                    0.0,
                    1.0
                ]
            ],
            "fl_x": 548.993771650447,
            "fl_y": 548.993771650447,
            "cx": 256.0,
            "cy": 256.0,
            "w": 512,
            "h": 512
        },
        {
            "file_path": "./005.png",
            "transform_matrix": [
                [
                    -0.1253332495689392,
                    -0.313734233379364,
                    0.9412026405334473,
                    1.4881720542907715
                ],
                [
                    0.992114782333374,
                    -0.0396338514983654,
                    0.11890154331922531,
                    0.18799984455108643
                ],
                [
                    0.0,
                    0.9486833810806274,
                    0.3162277638912201,
                    0.5
                ],
                [
                    0.0,
                    0.0,
                    0.0,
                    1.0
                ]
            ],
            "fl_x": 548.993771650447,
            "fl_y": 548.993771650447,
            "cx": 256.0,
            "cy": 256.0,
            "w": 512,
            "h": 512
        },
        {
            "file_path": "./006.png",
            "transform_matrix": [
                [
                    -0.15022559463977814,
                    -0.31263914704322815,
                    0.9379174113273621,
                    1.4829776287078857
                ],
                [
                    0.9886517524719238,
                    -0.04750550538301468,
                    0.14251650869846344,
                    0.2253383845090866
                ],
                [
                    0.0,
                    0.9486833810806274,
                    0.3162277638912201,
                    0.5
                ],
                [
                    0.0,
                    0.0,
                    0.0,
                    1.0
                ]
            ],
            "fl_x": 548.993771650447,
            "fl_y": 548.993771650447,
            "cx": 256.0,
            "cy": 256.0,
            "w": 512,
            "h": 512
        },
        {
            "file_path": "./007.png",
            "transform_matrix": [
                [
                    -0.17502306401729584,
                    -0.3113465905189514,
                    0.9340397119522095,
                    1.47684645652771
                ],
                [
                    0.9845644235610962,
                    -0.05534715577960014,
                    0.16604144871234894,
                    0.26253458857536316
                ],
                [
                    3.725290298461914e-09,
                    0.9486833810806274,
                    0.3162277638912201,
                    0.5
                ],
                [
                    0.0,
                    0.0,
                    0.0,
                    1.0
                ]
            ],
            "fl_x": 548.993771650447,
            "fl_y": 548.993771650447,
            "cx": 256.0,
            "cy": 256.0,
            "w": 512,
            "h": 512
        },
        {
            "file_path": "./008.png",
            "transform_matrix": [
                [
                    -0.19970998167991638,
                    -0.30985742807388306,
                    0.9295721054077148,
                    1.4697825908660889
                ],
                [
                    0.9798551201820374,
                    -0.06315384805202484,
                    0.18946151435375214,
                    0.2995649576187134
                ],
                [
                    0.0,
                    0.9486833810806274,
                    0.3162277638912201,
                    0.5
                ],
                [
                    0.0,
                    0.0,
                    0.0,
                    1.0
                ]
            ],
            "fl_x": 548.993771650447,
            "fl_y": 548.993771650447,
            "cx": 256.0,
            "cy": 256.0,
            "w": 512,
            "h": 512
        },
        {
            "file_path": "./009.png",
            "transform_matrix": [
                [
                    -0.2242707461118698,
                    -0.3081724941730499,
                    0.9245173931121826,
                    1.4617903232574463
                ],
                [
                    0.9745268821716309,
                    -0.07092064619064331,
                    0.21276192367076874,
                    0.3364061415195465
                ],
                [
                    0.0,
                    0.9486833810806274,
                    0.3162277638912201,
                    0.5
                ],
                [
                    0.0,
                    0.0,
                    0.0,
                    1.0
                ]
            ],
            "fl_x": 548.993771650447,
            "fl_y": 548.993771650447,
            "cx": 256.0,
            "cy": 256.0,
            "w": 512,
            "h": 512
        },
        {
            "file_path": "./010.png",
            "transform_matrix": [
                [
                    -0.2486899048089981,
                    -0.30629289150238037,
                    0.9188786745071411,
                    1.452874779701233
                ],
                [
                    0.9685832262039185,
                    -0.07864265143871307,
                    0.23592793941497803,
                    0.37303483486175537
                ],
                [
                    7.450580596923828e-09,
                    0.9486833810806274,
                    0.3162277638912201,
                    0.5
                ],
                [
                    0.0,
                    0.0,
                    0.0,
                    1.0
                ]
            ],
            "fl_x": 548.993771650447,
            "fl_y": 548.993771650447,
            "cx": 256.0,
            "cy": 256.0,
            "w": 512,
            "h": 512
        },
        {
            "file_path": "./011.png",
            "transform_matrix": [
                [
                    -0.2729519307613373,
                    -0.30421990156173706,
                    0.9126595854759216,
                    1.4430415630340576
                ],
                [
                    0.9620276689529419,
                    -0.08631499111652374,
                    0.25894495844841003,
                    0.4094279110431671
                ],
                [
                    -7.4505797087454084e-09,
                    0.9486833810806274,
                    0.3162277638912201,
                    0.5
                ],
                [
                    0.0,
                    0.0,
                    0.0,
                    1.0
                ]
            ],
            "fl_x": 548.993771650447,
            "fl_y": 548.993771650447,
            "cx": 256.0,
            "cy": 256.0,
            "w": 512,
            "h": 512
        },
        {
            "file_path": "./012.png",
            "transform_matrix": [
                [
                    -0.29704156517982483,
                    -0.3019546866416931,
                    0.9058640599250793,
                    1.432296872138977
                ],
                [
                    0.954864501953125,
                    -0.09393280744552612,
                    0.281798392534256,
                    0.44556236267089844
                ],
                [
                    7.4505797087454084e-09,
                    0.9486833810806274,
                    0.3162277638912201,
                    0.5
                ],
                [
                    0.0,
                    0.0,
                    0.0,
                    1.0
                ]
            ],
            "fl_x": 548.993771650447,
            "fl_y": 548.993771650447,
            "cx": 256.0,
            "cy": 256.0,
            "w": 512,
            "h": 512
        },
        {
            "file_path": "./013.png",
            "transform_matrix": [
                [
                    -0.3209436237812042,
                    -0.2994987368583679,
                    0.8984963893890381,
                    1.4206475019454956
                ],
                [
                    0.9470983743667603,
                    -0.10149127244949341,
                    0.3044738471508026,
                    0.48141542077064514
                ],
                [
                    7.450580596923828e-09,
                    0.9486833214759827,
                    0.3162277638912201,
                    0.5
                ],
                [
                    0.0,
                    0.0,
                    0.0,
                    1.0
                ]
            ],
            "fl_x": 548.993771650447,
            "fl_y": 548.993771650447,
            "cx": 256.0,
            "cy": 256.0,
            "w": 512,
            "h": 512
        },
        {
            "file_path": "./014.png",
            "transform_matrix": [
                [
                    -0.3446429371833801,
                    -0.2968537509441376,
                    0.8905611634254456,
                    1.4081008434295654
                ],
                [
                    0.9387338161468506,
                    -0.10898566991090775,
                    0.32695698738098145,
                    0.5169643759727478
                ],
                [
                    0.0,
                    0.9486833810806274,
                    0.3162277638912201,
                    0.5
                ],
                [
                    0.0,
                    0.0,
                    0.0,
                    1.0
                ]
            ],
            "fl_x": 548.993771650447,
            "fl_y": 548.993771650447,
            "cx": 256.0,
            "cy": 256.0,
            "w": 512,
            "h": 512
        },
        {
            "file_path": "./015.png",
            "transform_matrix": [
                [
                    -0.3681245744228363,
                    -0.2940211296081543,
                    0.8820634484291077,
                    1.3946647644042969
                ],
                [
                    0.9297765493392944,
                    -0.11641119420528412,
                    0.34923362731933594,
                    0.5521868467330933
                ],
                [
                    -7.450580596923828e-09,
                    0.9486833214759827,
                    0.3162277638912201,
                    0.5
                ],
                [
                    0.0,
                    0.0,
                    0.0,
                    1.0
                ]
            ],
            "fl_x": 548.993771650447,
            "fl_y": 548.993771650447,
            "cx": 256.0,
            "cy": 256.0,
            "w": 512,
            "h": 512
        },
        {
            "file_path": "./016.png",
            "transform_matrix": [
                [
                    -0.3913736641407013,
                    -0.29100292921066284,
                    0.8730084896087646,
                    1.380347728729248
                ],
                [
                    0.920231819152832,
                    -0.12376324087381363,
                    0.3712896406650543,
                    0.5870605111122131
                ],
                [
                    -1.4901160305669237e-08,
                    0.9486833810806274,
                    0.3162277340888977,
                    0.5
                ],
                [
                    0.0,
                    0.0,
                    0.0,
                    1.0
                ]
            ],
            "fl_x": 548.993771650447,
            "fl_y": 548.993771650447,
            "cx": 256.0,
            "cy": 256.0,
            "w": 512,
            "h": 512
        },
        {
            "file_path": "./017.png",
            "transform_matrix": [
                [
                    -0.41437557339668274,
                    -0.28780078887939453,
                    0.8634023070335388,
                    1.3651589155197144
                ],
                [
                    0.9101059436798096,
                    -0.13103707134723663,
                    0.3931111991405487,
                    0.6215633749961853
                ],
                [
                    -7.4505797087454084e-09,
                    0.9486833810806274,
                    0.3162277638912201,
                    0.5
                ],
                [
                    0.0,
                    0.0,
                    0.0,
                    1.0
                ]
            ],
            "fl_x": 548.993771650447,
            "fl_y": 548.993771650447,
            "cx": 256.0,
            "cy": 256.0,
            "w": 512,
            "h": 512
        },
        {
            "file_path": "./018.png",
            "transform_matrix": [
                [
                    -0.43711578845977783,
                    -0.28441694378852844,
                    0.8532508015632629,
                    1.3491078615188599
                ],
                [
                    0.899405300617218,
                    -0.1382281631231308,
                    0.4146844446659088,
                    0.655673623085022
                ],
                [
                    1.4901159417490817e-08,
                    0.9486833810806274,
                    0.3162277936935425,
                    0.5
                ],
                [
                    0.0,
                    0.0,
                    0.0,
                    1.0
                ]
            ],
            "fl_x": 548.993771650447,
            "fl_y": 548.993771650447,
            "cx": 256.0,
            "cy": 256.0,
            "w": 512,
            "h": 512
        },
        {
            "file_path": "./019.png",
            "transform_matrix": [
                [
                    -0.45957982540130615,
                    -0.28085342049598694,
                    0.8425602316856384,
                    1.3322046995162964
                ],
                [
                    0.8881364464759827,
                    -0.14533191919326782,
                    0.4359957277774811,
                    0.689369797706604
                ],
                [
                    7.4505797087454084e-09,
                    0.9486833810806274,
                    0.3162277638912201,
                    0.5
                ],
                [
                    0.0,
                    0.0,
                    0.0,
                    1.0
                ]
            ],
            "fl_x": 548.993771650447,
            "fl_y": 548.993771650447,
            "cx": 256.0,
            "cy": 256.0,
            "w": 512,
            "h": 512
        },
        {
            "file_path": "./020.png",
            "transform_matrix": [
                [
                    -0.4817536473274231,
                    -0.27711254358291626,
                    0.8313375115394592,
                    1.314460039138794
                ],
                [
                    0.8763066530227661,
                    -0.15234391391277313,
                    0.4570316672325134,
                    0.722630500793457
                ],
                [
                    1.4901159417490817e-08,
                    0.9486833810806274,
                    0.3162277638912201,
                    0.5
                ],
                [
                    0.0,
                    0.0,
                    0.0,
                    1.0
                ]
            ],
            "fl_x": 548.993771650447,
            "fl_y": 548.993771650447,
            "cx": 256.0,
            "cy": 256.0,
            "w": 512,
            "h": 512
        },
        {
            "file_path": "./021.png",
            "transform_matrix": [
                [
                    -0.5036232471466064,
                    -0.27319660782814026,
                    0.8195896744728088,
                    1.2958850860595703
                ],
                [
                    0.8639234304428101,
                    -0.15925966203212738,
                    0.47777891159057617,
                    0.7554348111152649
                ],
                [
                    0.0,
                    0.9486833810806274,
                    0.3162277638912201,
                    0.5
                ],
                [
                    0.0,
                    0.0,
                    0.0,
                    1.0
                ]
            ],
            "fl_x": 548.993771650447,
            "fl_y": 548.993771650447,
            "cx": 256.0,
            "cy": 256.0,
            "w": 512,
            "h": 512
        },
        {
            "file_path": "./022.png",
            "transform_matrix": [
                [
                    -0.5251745581626892,
                    -0.2691081166267395,
                    0.8073242902755737,
                    1.2764917612075806
                ],
                [
                    0.8509944677352905,
                    -0.16607479751110077,
                    0.4982243776321411,
                    0.787761926651001
                ],
                [
                    0.0,
                    0.9486833810806274,
                    0.3162277638912201,
                    0.5
                ],
                [
                    0.0,
                    0.0,
                    0.0,
                    1.0
                ]
            ],
            "fl_x": 548.993771650447,
            "fl_y": 548.993771650447,
            "cx": 256.0,
            "cy": 256.0,
            "w": 512,
            "h": 512
        },
        {
            "file_path": "./023.png",
            "transform_matrix": [
                [
                    -0.5463943481445312,
                    -0.26484963297843933,
                    0.7945488691329956,
                    1.2562921047210693
                ],
                [
                    0.8375279903411865,
                    -0.17278507351875305,
                    0.5183551907539368,
                    0.8195915222167969
                ],
                [
                    0.0,
                    0.9486833810806274,
                    0.3162277638912201,
                    0.5
                ],
                [
                    0.0,
                    0.0,
                    0.0,
                    1.0
                ]
            ],
            "fl_x": 548.993771650447,
            "fl_y": 548.993771650447,
            "cx": 256.0,
            "cy": 256.0,
            "w": 512,
            "h": 512
        },
        {
            "file_path": "./024.png",
            "transform_matrix": [
                [
                    -0.5672689080238342,
                    -0.260423868894577,
                    0.7812715172767639,
                    1.2352988719940186
                ],
                [
                    0.8235325217247009,
                    -0.1793862134218216,
                    0.5381585359573364,
                    0.8509034514427185
                ],
                [
                    1.4901160305669237e-08,
                    0.9486833810806274,
                    0.3162277340888977,
                    0.5
                ],
                [
                    0.0,
                    0.0,
                    0.0,
                    1.0
                ]
            ],
            "fl_x": 548.993771650447,
            "fl_y": 548.993771650447,
            "cx": 256.0,
            "cy": 256.0,
            "w": 512,
            "h": 512
        },
        {
            "file_path": "./025.png",
            "transform_matrix": [
                [
                    -0.5877852439880371,
                    -0.2558336555957794,
                    0.7675009369850159,
                    1.2135255336761475
                ],
                [
                    0.8090170621871948,
                    -0.18587401509284973,
                    0.5576220154762268,
                    0.8816778659820557
                ],
                [
                    1.4901161193847656e-08,
                    0.9486833810806274,
                    0.3162277638912201,
                    0.5
                ],
                [
                    0.0,
                    0.0,
                    0.0,
                    1.0
                ]
            ],
            "fl_x": 548.993771650447,
            "fl_y": 548.993771650447,
            "cx": 256.0,
            "cy": 256.0,
            "w": 512,
            "h": 512
        },
        {
            "file_path": "./026.png",
            "transform_matrix": [
                [
                    -0.6079303026199341,
                    -0.2510818541049957,
                    0.7532454133033752,
                    1.1909855604171753
                ],
                [
                    0.793990433216095,
                    -0.19224447011947632,
                    0.5767332911491394,
                    0.9118954539299011
                ],
                [
                    0.0,
                    0.9486833810806274,
                    0.3162277638912201,
                    0.5
                ],
                [
                    0.0,
                    0.0,
                    0.0,
                    1.0
                ]
            ],
            "fl_x": 548.993771650447,
            "fl_y": 548.993771650447,
            "cx": 256.0,
            "cy": 256.0,
            "w": 512,
            "h": 512
        },
        {
            "file_path": "./027.png",
            "transform_matrix": [
                [
                    -0.627691388130188,
                    -0.24617141485214233,
                    0.7385141849517822,
                    1.1676934957504272
                ],
                [
                    0.7784623503684998,
                    -0.19849345088005066,
                    0.5954803228378296,
                    0.9415370225906372
                ],
                [
                    0.0,
                    0.9486833810806274,
                    0.3162277638912201,
                    0.5
                ],
                [
                    0.0,
                    0.0,
                    0.0,
                    1.0
                ]
            ],
            "fl_x": 548.993771650447,
            "fl_y": 548.993771650447,
            "cx": 256.0,
            "cy": 256.0,
            "w": 512,
            "h": 512
        },
        {
            "file_path": "./028.png",
            "transform_matrix": [
                [
                    -0.647055983543396,
                    -0.24110551178455353,
                    0.723316490650177,
                    1.143663763999939
                ],
                [
                    0.7624424695968628,
                    -0.20461708307266235,
                    0.6138511896133423,
                    0.9705839157104492
                ],
                [
                    0.0,
                    0.9486833810806274,
                    0.3162277638912201,
                    0.5
                ],
                [
                    0.0,
                    0.0,
                    0.0,
                    1.0
                ]
            ],
            "fl_x": 548.993771650447,
            "fl_y": 548.993771650447,
            "cx": 256.0,
            "cy": 256.0,
            "w": 512,
            "h": 512
        },
        {
            "file_path": "./029.png",
            "transform_matrix": [
                [
                    -0.6660118699073792,
                    -0.2358873188495636,
                    0.7076619267463684,
                    1.1189117431640625
                ],
                [
                    0.745941162109375,
                    -0.2106114625930786,
                    0.6318343281745911,
                    0.9990177750587463
                ],
                [
                    0.0,
                    0.9486833810806274,
                    0.3162277638912201,
                    0.5
                ],
                [
                    0.0,
                    0.0,
                    0.0,
                    1.0
                ]
            ],
            "fl_x": 548.993771650447,
            "fl_y": 548.993771650447,
            "cx": 256.0,
            "cy": 256.0,
            "w": 512,
            "h": 512
        },
        {
            "file_path": "./030.png",
            "transform_matrix": [
                [
                    -0.6845471858978271,
                    -0.2305201292037964,
                    0.6915603280067444,
                    1.0934529304504395
                ],
                [
                    0.728968620300293,
                    -0.2164728343486786,
                    0.6494184136390686,
                    1.0268206596374512
                ],
                [
                    1.4901161193847656e-08,
                    0.9486833810806274,
                    0.3162277638912201,
                    0.5
                ],
                [
                    0.0,
                    0.0,
                    0.0,
                    1.0
                ]
            ],
            "fl_x": 548.993771650447,
            "fl_y": 548.993771650447,
            "cx": 256.0,
            "cy": 256.0,
            "w": 512,
            "h": 512
        },
        {
            "file_path": "./031.png",
            "transform_matrix": [
                [
                    -0.7026500105857849,
                    -0.22500735521316528,
                    0.6750220060348511,
                    1.0673035383224487
                ],
                [
                    0.7115357518196106,
                    -0.22219744324684143,
                    0.6665922999382019,
                    1.053974986076355
                ],
                [
                    -1.4901161193847656e-08,
                    0.9486833810806274,
                    0.3162277638912201,
                    0.5
                ],
                [
                    0.0,
                    0.0,
                    0.0,
                    1.0
                ]
            ],
            "fl_x": 548.993771650447,
            "fl_y": 548.993771650447,
            "cx": 256.0,
            "cy": 256.0,
            "w": 512,
            "h": 512
        },
        {
            "file_path": "./032.png",
            "transform_matrix": [
                [
                    -0.7203090190887451,
                    -0.21935245394706726,
                    0.6580573320388794,
                    1.0404800176620483
                ],
                [
                    0.6936533451080322,
                    -0.2277817279100418,
                    0.6833451390266418,
                    1.0804635286331177
                ],
                [
                    0.0,
                    0.9486833810806274,
                    0.3162277638912201,
                    0.5
                ],
                [
                    0.0,
                    0.0,
                    0.0,
                    1.0
                ]
            ],
            "fl_x": 548.993771650447,
            "fl_y": 548.993771650447,
            "cx": 256.0,
            "cy": 256.0,
            "w": 512,
            "h": 512
        },
        {
            "file_path": "./033.png",
            "transform_matrix": [
                [
                    -0.7375131249427795,
                    -0.21355898678302765,
                    0.6406768560409546,
                    1.012999176979065
                ],
                [
                    0.6753327250480652,
                    -0.2332221418619156,
                    0.6996663212776184,
                    1.1062697172164917
                ],
                [
                    0.0,
                    0.9486833810806274,
                    0.3162277340888977,
                    0.5
                ],
                [
                    0.0,
                    0.0,
                    0.0,
                    1.0
                ]
            ],
            "fl_x": 548.993771650447,
            "fl_y": 548.993771650447,
            "cx": 256.0,
            "cy": 256.0,
            "w": 512,
            "h": 512
        },
        {
            "file_path": "./034.png",
            "transform_matrix": [
                [
                    -0.7542514204978943,
                    -0.20763061940670013,
                    0.6228919625282288,
                    0.984878659248352
                ],
                [
                    0.6565858125686646,
                    -0.2385152131319046,
                    0.7155457139015198,
                    1.131377100944519
                ],
                [
                    1.4901161193847656e-08,
                    0.9486833214759827,
                    0.3162277638912201,
                    0.5
                ],
                [
                    0.0,
                    0.0,
                    0.0,
                    1.0
                ]
            ],
            "fl_x": 548.993771650447,
            "fl_y": 548.993771650447,
            "cx": 256.0,
            "cy": 256.0,
            "w": 512,
            "h": 512
        },
        {
            "file_path": "./035.png",
            "transform_matrix": [
                [
                    -0.7705131769180298,
                    -0.20157118141651154,
                    0.604713499546051,
                    0.9561359882354736
                ],
                [
                    0.6374239921569824,
                    -0.2436576932668686,
                    0.7309730052947998,
                    1.1557698249816895
                ],
                [
                    0.0,
                    0.9486833810806274,
                    0.3162277638912201,
                    0.5
                ],
                [
                    0.0,
                    0.0,
                    0.0,
                    1.0
                ]
            ],
            "fl_x": 548.993771650447,
            "fl_y": 548.993771650447,
            "cx": 256.0,
            "cy": 256.0,
            "w": 512,
            "h": 512
        },
        {
            "file_path": "./036.png",
            "transform_matrix": [
                [
                    -0.7862884402275085,
                    -0.19538438320159912,
                    0.5861530900001526,
                    0.926789402961731
                ],
                [
                    0.6178596019744873,
                    -0.24864624440670013,
                    0.7459386587142944,
                    1.1794326305389404
                ],
                [
                    0.0,
                    0.9486833810806274,
                    0.3162277638912201,
                    0.5
                ],
                [
                    0.0,
                    0.0,
                    0.0,
                    1.0
                ]
            ],
            "fl_x": 548.993771650447,
            "fl_y": 548.993771650447,
            "cx": 256.0,
            "cy": 256.0,
            "w": 512,
            "h": 512
        },
        {
            "file_path": "./037.png",
            "transform_matrix": [
                [
                    -0.801567018032074,
                    -0.18907417356967926,
                    0.5672224760055542,
                    0.896857500076294
                ],
                [
                    0.5979050397872925,
                    -0.2534777522087097,
                    0.7604331970214844,
                    1.2023504972457886
                ],
                [
                    0.0,
                    0.9486833810806274,
                    0.3162277638912201,
                    0.5
                ],
                [
                    0.0,
                    0.0,
                    0.0,
                    1.0
                ]
            ],
            "fl_x": 548.993771650447,
            "fl_y": 548.993771650447,
            "cx": 256.0,
            "cy": 256.0,
            "w": 512,
            "h": 512
        },
        {
            "file_path": "./038.png",
            "transform_matrix": [
                [
                    -0.8163393139839172,
                    -0.1826445311307907,
                    0.5479335784912109,
                    0.8663590550422668
                ],
                [
                    0.577572762966156,
                    -0.2581491470336914,
                    0.7744473814964294,
                    1.2245088815689087
                ],
                [
                    1.4901161193847656e-08,
                    0.9486833810806274,
                    0.3162277638912201,
                    0.5
                ],
                [
                    0.0,
                    0.0,
                    0.0,
                    1.0
                ]
            ],
            "fl_x": 548.993771650447,
            "fl_y": 548.993771650447,
            "cx": 256.0,
            "cy": 256.0,
            "w": 512,
            "h": 512
        },
        {
            "file_path": "./039.png",
            "transform_matrix": [
                [
                    -0.8305959701538086,
                    -0.17609955370426178,
                    0.5282986164093018,
                    0.8353134393692017
                ],
                [
                    0.5568756461143494,
                    -0.26265749335289,
                    0.7879724502563477,
                    1.2458938360214233
                ],
                [
                    0.0,
                    0.9486833810806274,
                    0.3162277638912201,
                    0.5
                ],
                [
                    0.0,
                    0.0,
                    0.0,
                    1.0
                ]
            ],
            "fl_x": 548.993771650447,
            "fl_y": 548.993771650447,
            "cx": 256.0,
            "cy": 256.0,
            "w": 512,
            "h": 512
        },
        {
            "file_path": "./040.png",
            "transform_matrix": [
                [
                    -0.844327986240387,
                    -0.16944332420825958,
                    0.5083299279212952,
                    0.8037402033805847
                ],
                [
                    0.5358268618583679,
                    -0.2669999599456787,
                    0.8009998202323914,
                    1.2664918899536133
                ],
                [
                    0.0,
                    0.9486833810806274,
                    0.3162277638912201,
                    0.5
                ],
                [
                    0.0,
