{
    "camera_angle_x": 0.8726646259971648,
    "frames": [
        {
            "file_path": "./000.png",
            "transform_matrix": [
                [
                    0.0,
                    -0.06651902198791504,
                    0.9977850914001465,
                    7.5
                ],
                [
                    1.0,
                    0.0,
                    0.0,
                    0.0
                ],
                [
                    0.0,
                    0.997785210609436,
                    0.06651900708675385,
                    0.5
                ],
                [
                    0.0,
                    0.0,
                    0.0,
                    1.0
                ]
            ],
            "fl_x": 548.993771650447,
            "fl_y": 548.993771650447,
            "cx": 256.0,
            "cy": 256.0,
            "w": 512,
            "h": 512
        },
        {
            "file_path": "./001.png",
            "transform_matrix": [
                [
                    -0.5877853035926819,
                    -0.05381501466035843,
                    0.8072251081466675,
                    6.067627429962158
                ],
                [
                    0.80901700258255,
                    -0.03909889608621597,
                    0.5864834189414978,
                    4.408389568328857
                ],
                [
                    -3.725290298461914e-09,
                    0.997785210609436,
                    0.06651900708675385,
                    0.5
                ],
                [
                    0.0,
                    0.0,
                    0.0,
                    1.0
                ]
            ],
            "fl_x": 548.993771650447,
            "fl_y": 548.993771650447,
            "cx": 256.0,
            "cy": 256.0,
            "w": 512,
            "h": 512
        },
        {
            "file_path": "./002.png",
            "transform_matrix": [
                [
                    -0.9510565400123596,
                    -0.020555507391691208,
                    0.30833256244659424,
                    2.317627429962158
                ],
                [
                    0.30901700258255005,
                    -0.06326334178447723,
                    0.9489500522613525,
                    7.1329240798950195
                ],
                [
                    0.0,
                    0.997785210609436,
                    0.06651900708675385,
                    0.5
                ],
                [
                    0.0,
                    0.0,
                    0.0,
                    1.0
                ]
            ],
            "fl_x": 548.993771650447,
            "fl_y": 548.993771650447,
            "cx": 256.0,
            "cy": 256.0,
            "w": 512,
            "h": 512
        },
        {
            "file_path": "./003.png",
            "transform_matrix": [
                [
                    -0.9510564804077148,
                    0.020555507391691208,
                    -0.30833253264427185,
                    -2.317627429962158
                ],
                [
                    -0.30901697278022766,
                    -0.06326334178447723,
                    0.9489499926567078,
                    7.1329240798950195
                ],
                [
                    0.0,
                    0.997785210609436,
                    0.06651899963617325,
                    0.5
                ],
                [
                    0.0,
                    0.0,
                    0.0,
                    1.0
                ]
            ],
            "fl_x": 548.993771650447,
            "fl_y": 548.993771650447,
            "cx": 256.0,
            "cy": 256.0,
            "w": 512,
            "h": 512
        },
        {
            "file_path": "./004.png",
            "transform_matrix": [
                [
                    -0.5877853035926819,
                    0.05381501466035843,
                    -0.8072251081466675,
                    -6.067627429962158
                ],
                [
                    -0.80901700258255,
                    -0.03909889608621597,
                    0.5864834189414978,
                    4.408389568328857
                ],
                [
                    3.725290298461914e-09,
                    0.997785210609436,
                    0.06651900708675385,
                    0.5
                ],
                [
                    0.0,
                    0.0,
                    0.0,
                    1.0
                ]
            ],
            "fl_x": 548.993771650447,
            "fl_y": 548.993771650447,
            "cx": 256.0,
            "cy": 256.0,
            "w": 512,
            "h": 512
        },
        {
            "file_path": "./005.png",
            "transform_matrix": [
                [
                    -1.2246468525851679e-16,
                    0.06651902198791504,
                    -0.9977850914001465,
                    -7.5
                ],
                [
                    -1.0,
                    -8.146230182377377e-18,
                    1.221934229571586e-16,
                    9.184850467946473e-16
                ],
                [
                    0.0,
                    0.997785210609436,
                    0.06651900708675385,
                    0.5
                ],
                [
                    0.0,
                    0.0,
                    0.0,
                    1.0
                ]
            ],
            "fl_x": 548.993771650447,
            "fl_y": 548.993771650447,
            "cx": 256.0,
            "cy": 256.0,
            "w": 512,
            "h": 512
        },
        {
            "file_path": "./006.png",
            "transform_matrix": [
                [
                    0.5877853035926819,
                    0.05381501466035843,
                    -0.8072251081466675,
                    -6.067627429962158
                ],
                [
                    -0.80901700258255,
                    0.03909889608621597,
                    -0.5864834189414978,
                    -4.408389568328857
                ],
                [
                    -3.725290298461914e-09,
                    0.997785210609436,
                    0.06651900708675385,
                    0.5
                ],
                [
                    0.0,
                    0.0,
                    0.0,
                    1.0
                ]
            ],
            "fl_x": 548.993771650447,
            "fl_y": 548.993771650447,
            "cx": 256.0,
            "cy": 256.0,
            "w": 512,
            "h": 512
        },
        {
            "file_path": "./007.png",
            "transform_matrix": [
                [
                    0.9510565400123596,
                    0.020555507391691208,
                    -0.30833256244659424,
                    -2.317627429962158
                ],
                [
                    -0.30901700258255005,
                    0.06326334178447723,
                    -0.9489500522613525,
                    -7.1329240798950195
                ],
                [
                    0.0,
                    0.997785210609436,
                    0.06651900708675385,
                    0.5
                ],
                [
                    0.0,
                    0.0,
                    0.0,
                    1.0
                ]
            ],
            "fl_x": 548.993771650447,
            "fl_y": 548.993771650447,
            "cx": 256.0,
            "cy": 256.0,
            "w": 512,
            "h": 512
        },
        {
            "file_path": "./008.png",
            "transform_matrix": [
                [
                    0.9510565400123596,
                    -0.020555507391691208,
                    0.30833256244659424,
                    2.317627429962158
                ],
                [
                    0.30901700258255005,
                    0.06326334178447723,
                    -0.9489500522613525,
                    -7.1329240798950195
                ],
                [
                    0.0,
                    0.997785210609436,
                    0.06651900708675385,
                    0.5
                ],
                [
                    0.0,
                    0.0,
                    0.0,
                    1.0
                ]
            ],
            "fl_x": 548.993771650447,
            "fl_y": 548.993771650447,
            "cx": 256.0,
            "cy": 256.0,
            "w": 512,
            "h": 512
        },
        {
            "file_path": "./009.png",
            "transform_matrix": [
                [
                    0.5877853035926819,
                    -0.05381501466035843,
                    0.8072251081466675,
                    6.067627429962158
                ],
                [
                    0.80901700258255,
                    0.03909889608621597,
                    -0.5864834189414978,
                    -4.408389568328857
                ],
                [
                    3.725290298461914e-09,
                    0.997785210609436,
                    0.06651900708675385,
                    0.5
                ],
                [
                    0.0,
                    0.0,
                    0.0,
                    1.0
                ]
            ],
            "fl_x": 548.993771650447,
            "fl_y": 548.993771650447,
            "cx": 256.0,
            "cy": 256.0,
            "w": 512,
            "h": 512
        }
    ]
}